2315 => 12315 => 22315 => 32315 => 42315
1212 => 51212
5311 => 35311
3121 => 33121
4155 => 54155

3124 => 13124 => 23124
3554 => 23554
3222 => 33222
5221 => 55221
1341 => 51342

2543 => 12543
5421 => 
2321 => 
1232 => 
4513 => 24513

2223 => 
5231 => 15231
1423 => 11423
4522 => 14522
1341 => 51342

后台密码---密码配码APP开发---序号的配置密码
 2315         1204             33412
 1212         0101             32833
 5311         4200             34944
 3121         2010             33800
 4155         3044             34340
 3124         2013             33803
 3554         2443             34083
 3222         2111             33865
 5221         4110             34888
 1341         0230             32920
 2543         1432             33562
 5421         4310             35016
 2321         1210             33416
 1232         0121             32849
 4513         3402             34562
 2223         1112             33354
 5231         4120             34896
 1423         0312             32970
 4522         3411             34569
 1341         0230             32920